p cnf 5 500
-49 20 -42 -4 29 0
7 14 50 29 -1 0
-26 -18 -8 27 -4 0
11 14 23 -7 28 0
-27 -18 -50 -35 -33 0
32 -18 -16 -12 -10 0
8 9 42 -24 25 0
-22 -20 -17 -16 -40 0
14 -47 -44 -8 30 0
-27 37 43 14 28 0
-23 17 -6 -37 -2 0
-25 10 -20 20 30 0
41 46 21 -9 -4 0
5 11 48 -12 -39 0
35 46 -49 -42 22 0
36 37 5 10 22 0
38 -18 15 22 -39 0
35 44 15 18 -38 0
42 16 48 -4 -33 0
2 4 9 13 14 0
38 40 41 -8 -38 0
36 -21 -46 -13 24 0
-26 7 10 -46 23 0
7 -25 -50 -18 -15 0
9 11 12 -48 -35 0
-29 5 6 15 -12 0
5 -21 20 -10 -40 0
-31 40 -47 -12 -40 0
-30 -18 14 -37 -2 0
-28 45 17 -14 26 0
-28 -23 -18 -49 -3 0
32 11 15 -14 -6 0
-32 33 20 -36 31 0
-31 36 -17 -42 -9 0
44 46 47 -3 -34 0
43 -18 46 -49 31 0
41 -22 -20 19 24 0
2 -26 -44 -36 -33 0
-26 -25 45 -16 -1 0
2 -12 -38 -4 -35 0
-32 -26 -41 -8 -38 0
2 48 -42 -38 31 0
-27 11 18 24 -33 0
35 38 16 17 27 0
35 -26 41 45 -39 0
5 13 -2 28 -34 0
39 40 48 -15 -10 0
-32 33 38 -10 -39 0
4 38 8 -49 16 0
35 -49 -13 -40 -33 0
-21 -43 26 -37 -34 0
-26 13 20 22 -6 0
-32 -27 18 -13 20 0
-26 41 22 23 -2 0
-30 -26 6 47 49 0
12 19 -7 -5 -34 0
12 -19 45 -15 -35 0
3 5 -46 -41 -40 0
4 9 20 -3 -33 0
-26 39 -43 28 -3 0
-32 44 19 -38 28 0
-28 -21 44 -39 -6 0
34 43 22 -41 31 0
-18 -17 -15 26 -3 0
-25 8 50 -14 21 0
4 -22 12 14 26 0
33 5 -16 49 -2 0
34 17 19 -8 31 0
32 -27 42 47 -43 0
-28 -47 -10 24 26 0
2 -27 -22 14 47 0
-24 -17 26 -36 29 0
42 43 44 -49 -14 0
-32 7 12 -3 -1 0
-18 -48 19 -13 -11 0
-31 40 46 -49 -34 0
40 45 -19 -5 29 0
3 -28 -27 44 -37 0
2 44 14 16 21 0
34 -44 -38 -5 -2 0
34 7 -13 -12 -11 0
43 -18 -49 -16 -9 0
-12 28 29 -2 31 0
-27 -23 -19 -46 -5 0
42 13 -18 -17 -44 0
34 38 -40 -36 -33 0
-32 33 40 49 -39 0
-28 40 -15 -38 29 0
32 -31 -8 -4 29 0
13 -15 -40 26 28 0
-28 -25 48 -47 -37 0
38 40 -50 -35 -33 0
-31 36 -17 17 -12 0
6 -21 -20 49 -1 0
4 41 17 -1 -34 0
-27 39 -48 -45 28 0
-32 2 39 13 -8 0
-31 37 39 25 -4 0
32 -30 -21 -20 -14 0
1 3 8 45 -36 0
-29 12 -48 -13 -33 0
41 47 48 -47 -13 0
5 40 -23 -45 -35 0
-30 38 -18 23 -33 0
13 -44 -11 25 30 0
4 5 -50 23 -41 0
32 36 13 14 49 0
-30 -19 45 -18 50 0
5 -22 -50 23 -36 0
33 40 -21 49 -46 0
-12 30 -39 -37 -34 0
32 -30 -21 -19 19 0
-31 -19 47 19 -42 0
38 6 43 -7 26 0
1 36 -16 -8 -6 0
40 11 12 19 29 0
-23 -49 22 -9 -5 0
7 40 9 -22 -14 0
32 12 -49 -41 -2 0
1 -25 -20 -19 -18 0
34 6 -24 -10 -41 0
6 48 19 -43 23 0
-31 -26 50 -40 -39 0
-30 7 49 -10 -39 0
-29 -17 18 50 -44 0
2 43 48 26 -1 0
32 3 10 13 -39 0
-30 35 42 45 -36 0
42 43 -13 -7 -4 0
7 9 16 -9 -2 0
4 37 13 -49 -34 0
5 18 50 -37 30 0
-31 13 14 48 -13 0
35 49 -47 -5 -1 0
38 44 16 -39 -37 0
7 42 44 -41 -39 0
2 -25 9 18 -46 0
-29 7 14 -46 -12 0
-31 11 18 -40 -5 0
35 4 37 -2 -33 0
36 -25 13 48 -37 0
-27 49 -46 -40 -2 0
32 -47 -13 -12 25 0
47 -48 16 -13 -45 0
-23 -18 20 22 -37 0
-28 -25 -21 -15 50 0
32 -24 -23 22 26 0
32 36 -16 -14 24 0
-24 47 -48 -17 28 0
43 -20 13 -39 -35 0
34 -22 11 -38 31 0
38 49 50 27 -36 0
-27 5 41 -48 -15 0
47 -17 -44 -38 -2 0
-32 -27 6 -18 -48 0
3 37 12 49 -9 0
37 -20 -46 20 -7 0
39 40 -18 -50 -7 0
-28 39 -46 -44 -37 0
47 -48 24 25 28 0
7 41 50 -5 -1 0
35 -24 -15 -14 24 0
-32 -31 4 43 -10 0
5 37 6 46 -15 0
3 47 -16 -47 -44 0
10 11 -50 -47 -6 0
-32 -30 -23 43 -49 0
-23 14 15 23 30 0
43 -21 -9 28 -3 0
50 20 -1 -35 -34 0
-29 36 16 -12 29 0
7 -16 -15 -43 28 0
2 5 45 -18 -13 0
2 43 -12 22 27 0
-32 -48 -11 -41 -39 0
8 9 -48 -16 -45 0
6 8 -22 22 -10 0
36 45 16 -14 -9 0
-25 -24 9 -6 27 0
-25 43 -19 46 21 0
6 -17 -10 -38 29 0
38 -17 19 -13 -43 0
34 40 11 -43 -36 0
-30 48 49 23 -38 0
40 -21 15 -48 -36 0
-28 11 -19 -13 -44 0
34 -20 -49 -41 24 0
36 8 21 -42 -3 0
6 7 -42 30 -33 0
-31 11 16 19 -35 0
33 -29 47 16 -11 0
2 12 -17 29 31 0
-32 7 8 46 24 0
9 -20 45 49 -4 0
-23 -49 -14 -43 29 0
4 7 46 -11 30 0
3 39 -22 -47 -41 0
-31 41 -19 -3 -35 0
-29 14 17 -7 26 0
7 44 -49 26 29 0
46 18 -12 27 -33 0
49 -9 25 -4 -2 0
-32 -37 -9 -7 27 0
-30 36 -27 39 -48 0
33 -24 11 17 31 0
4 7 -13 -10 -36 0
-14 26 -3 -34 31 0
-24 -23 -17 -49 -10 0
-32 4 -47 -13 -45 0
-31 -27 -18 -34 -33 0
-23 42 25 -35 -1 0
1 -27 10 -47 -2 0
-31 -20 49 -14 -9 0
4 10 46 -45 -8 0
32 -31 10 25 -39 0
-29 9 -40 -7 28 0
5 6 -43 -10 26 0
-26 -19 -18 -17 30 0
-32 -20 24 -34 -33 0
13 -40 26 29 31 0
37 11 -49 -14 -7 0
-28 4 -50 16 -38 0
34 7 -50 -9 -39 0
46 14 -48 -42 27 0
-20 -19 48 -13 -12 0
4 12 -8 -5 -36 0
-28 11 -17 -6 -34 0
41 9 16 17 24 0
32 5 -27 7 -15 0
48 -14 26 28 31 0
13 46 -48 -10 -3 0
2 34 -24 10 50 0
37 44 50 -35 -34 0
-20 -49 -44 20 -39 0
8 11 17 -7 -6 0
-31 41 48 -45 28 0
33 -15 18 -40 25 0
3 46 47 -43 -1 0
-32 8 -47 19 -1 0
35 4 -24 49 19 0
2 -26 -24 -18 -44 0
8 -49 -1 -7 -34 0
4 14 19 -8 -6 0
5 -25 -38 -1 31 0
32 46 50 -13 -38 0
6 -25 13 -50 -38 0
17 -14 -43 -1 30 0
42 46 -11 22 23 0
-29 -27 -19 -5 -1 0
36 -19 18 -37 -2 0
-50 -14 -11 24 -36 0
-31 -25 13 15 17 0
6 40 -45 -7 30 0
-32 2 9 15 49 0
19 -13 22 -7 -38 0
1 33 35 -26 -48 0
33 10 46 -40 -37 0
36 -13 -42 22 25 0
32 6 46 19 27 0
4 9 -45 -41 30 0
-28 7 18 -14 -3 0
33 -30 -27 12 23 0
39 14 15 48 -11 0
5 38 8 16 -16 0
34 45 15 21 -36 0
1 -27 28 30 31 0
-32 -28 46 -14 -45 0
6 -18 16 18 -45 0
-22 10 -21 -49 -44 0
-26 -21 -12 24 -1 0
33 8 -13 -8 30 0
42 -13 -44 20 23 0
2 35 4 47 24 0
43 46 23 25 -38 0
33 2 38 -22 -35 0
44 -47 -46 -38 27 0
-31 36 46 49 23 0
-29 -14 -9 25 28 0
4 -20 -19 -11 22 0
34 -27 -10 -41 -2 0
-20 46 15 -15 23 0
45 -50 -16 -3 30 0
-25 -22 11 16 24 0
-27 -37 47 -14 27 0
-28 38 13 -14 29 0
48 49 -8 -39 31 0
14 -45 -11 -38 -1 0
33 -24 9 30 -34 0
1 37 46 19 -7 0
-37 25 27 -4 -7 0
4 -26 45 47 -9 0
32 39 17 -12 -41 0
48 23 -40 -38 -4 0
-31 -22 -21 47 -43 0
-32 -23 46 -47 18 0
-49 50 -45 22 -36 0
7 -18 -49 -44 -34 0
35 -19 15 -14 26 0
-32 -23 46 49 -4 0
-27 42 46 22 -34 0
11 -50 47 -6 31 0
41 13 -44 -41 -39 0
44 14 15 19 -8 0
-30 38 -18 16 -4 0
4 47 -49 -40 -4 0
4 9 49 -38 -37 0
-26 46 -48 -42 27 0
-31 3 38 42 -50 0
8 48 21 25 -2 0
-31 -23 9 -10 -35 0
36 -48 -10 -7 -5 0
-27 38 43 45 24 0
45 -16 -14 19 20 0
38 -15 -42 -41 30 0
33 34 43 27 -1 0
34 46 16 -39 -35 0
-27 46 -42 -3 -2 0
40 -45 -12 23 -1 0
10 13 -15 50 19 0
-23 -15 -2 -8 30 0
35 -28 42 -15 -34 0
3 18 24 26 -35 0
38 7 -19 -49 -9 0
3 8 -4 -14 28 0
-28 38 -20 -13 26 0
32 35 -27 -19 46 0
-18 15 49 28 -34 0
6 43 12 -50 -38 0
34 -18 49 -47 -40 0
33 -28 -22 -18 20 0
-5 -47 25 27 -34 0
-22 -19 46 -47 23 0
-19 -17 47 23 30 0
4 40 -21 -47 -11 0
4 45 13 -9 -1 0
-13 21 -41 -8 -36 0
8 11 49 -34 31 0
-23 19 20 -5 -36 0
4 13 -49 17 -46 0
33 -19 -48 -7 -6 0
5 -25 47 16 -4 0
1 -29 36 -25 -40 0
40 -22 -41 -4 -33 0
-32 -29 -21 44 17 0
-25 -49 -14 -10 -33 0
-32 -28 -19 -46 50 0
-29 -28 47 -5 -36 0
-26 9 11 47 -16 0
6 11 46 -49 -41 0
-30 12 21 27 -3 0
-30 -27 -6 -1 -33 0
2 37 -45 -37 -4 0
9 11 15 48 19 0
-23 10 48 19 -11 0
-27 41 11 -9 23 0
32 -24 43 -2 31 0
38 14 -48 23 -35 0
37 -26 11 14 -17 0
-32 -26 9 43 17 0
-31 34 36 41 -9 0
3 36 42 -21 -8 0
-17 18 -12 -5 30 0
8 9 45 48 25 0
3 -25 -18 27 29 0
42 13 19 -39 -34 0
33 2 19 -38 -37 0
5 7 -49 25 -3 0
-25 -24 12 21 -37 0
-49 50 19 -45 -38 0
6 46 -17 50 -45 0
-25 9 41 44 21 0
34 -30 -22 16 23 0
37 -24 45 13 21 0
44 -47 -45 -11 25 0
9 -19 -38 -36 -1 0
33 -27 -20 12 -44 0
4 10 20 22 -40 0
2 47 18 -14 -1 0
-27 44 49 -13 23 0
-29 18 -40 -7 -34 0
1 50 20 27 -33 0
-31 36 5 40 -6 0
-30 5 9 44 25 0
-31 -24 45 -45 -2 0
-26 -23 -46 -9 -33 0
37 10 -46 -9 29 0
37 46 19 -41 -5 0
1 37 43 -48 -34 0
3 -27 20 -44 -5 0
-30 18 -41 26 -2 0
-28 -13 -41 24 27 0
40 42 49 -7 -4 0
1 5 9 -43 -40 0
2 -22 -44 24 29 0
-12 -9 24 -5 -34 0
-25 40 -19 -39 -38 0
6 49 19 -11 -5 0
36 -26 14 -3 29 0
-32 -21 -13 25 -2 0
33 41 50 -4 29 0
4 6 7 43 -20 0
49 18 21 22 30 0
-22 -46 -14 -44 29 0
-18 -49 -16 21 -3 0
-30 35 8 -47 -41 0
38 -48 16 -38 -33 0
-21 12 46 49 -8 0
1 -24 -39 28 -35 0
37 38 11 -20 -41 0
-28 -49 15 25 -38 0
-31 -28 8 -42 23 0
32 25 27 -36 -35 0
32 43 17 -42 -41 0
7 -19 15 -47 -36 0
-24 43 14 -16 48 0
-31 11 13 -13 -44 0
5 -19 -42 -10 -8 0
43 -14 -45 20 -4 0
-30 38 -13 -36 -35 0
-30 2 5 -40 -1 0
-31 2 6 49 -2 0
32 10 50 22 -1 0
1 -23 11 20 -38 0
-31 5 43 44 -13 0
-25 15 -48 -41 -35 0
7 -24 45 21 -36 0
-30 36 38 12 -13 0
33 -25 -13 20 -3 0
32 40 -20 47 22 0
9 -16 17 -15 -13 0
-21 19 -38 -5 31 0
5 13 -8 -6 -34 0
43 45 -15 21 -5 0
37 -26 -50 -6 -1 0
-32 1 42 -10 -1 0
1 -29 11 -19 -12 0
-17 18 21 24 25 0
-17 15 -15 -44 -40 0
36 -22 -50 -14 -40 0
3 -25 45 -39 -33 0
35 12 15 -46 -3 0
33 37 11 21 30 0
3 12 46 15 50 0
-32 -22 -20 -13 -44 0
42 44 -19 13 -5 0
11 16 20 -42 31 0
-28 37 -17 49 -15 0
10 15 17 -1 31 0
-27 -22 16 18 21 0
1 5 -15 -5 29 0
-31 36 12 -46 -44 0
-27 11 -15 21 -41 0
-27 40 12 -47 20 0
-29 6 46 -40 -39 0
35 -24 -47 -42 -2 0
-44 -43 -37 29 -2 0
-28 37 -23 -45 30 0
32 -29 -50 -15 21 0
32 34 5 43 -39 0
3 -48 20 -6 -4 0
-27 14 16 -44 27 0
8 -49 17 49 24 0
34 41 -19 -8 -35 0
38 45 17 21 25 0
10 -48 20 28 -35 0
-30 -27 48 19 -12 0
-49 48 16 23 -6 0
32 1 2 -23 -9 0
38 -25 45 -41 -5 0
4 13 14 -49 -3 0
10 50 -13 23 -33 0
34 18 -14 27 -35 0
12 -49 -47 23 -40 0
43 14 -16 -43 25 0
36 -48 -15 22 -37 0
1 3 13 -5 -1 0
9 13 -14 -36 29 0
14 15 -15 19 27 0
34 7 14 18 -45 0
4 7 -23 16 -34 0
39 11 44 13 -43 0
-31 -49 24 -37 29 0
-32 -20 19 -44 -34 0
33 -18 -42 -40 -5 0
-28 49 21 -41 26 0
7 43 12 15 47 0
-48 -3 21 -4 29 0
1 -24 12 45 17 0
34 10 11 44 19 0
12 48 18 -2 -33 0
5 -24 -46 21 -36 0
5 6 47 19 -5 0
33 -28 -22 11 -5 0
7 43 45 -47 -7 0
45 -19 -8 -37 -2 0
32 -25 -21 -14 -33 0
3 11 -46 -43 24 0
33 3 45 -42 29 0
-25 8 45 26 -33 0
5 9 -14 -44 -3 0

