p cnf 20 200
1 0
-1 0
2 0
-2 0
3 0
-3 0
4 0
-4 0
5 0
-5 0
6 0
-6 0
7 0
-7 0
8 0
-8 0
9 0
-9 0
10 0
-10 0
11 0
-11 0
12 0
-12 0
13 0
-13 0
14 0
-14 0
15 0
-15 0
16 0
-16 0
17 0
-17 0
18 0
-18 0
19 0
-19 0
20 0
-20 0
1 20 4 0
13 6 14 0
6 -16 9 0
-1 20 -10 0
-2 -5 17 0
-14 -4 -12 0
-9 14 15 0
-3 -17 -2 0
-11 12 8 0
-1 14 -19 0
-16 -5 -2 0
-8 10 -5 0
3 5 -16 0
15 -16 14 0
-6 3 -4 0
12 7 -17 0
-9 2 -18 0
3 -5 -2 0
-19 -1 12 0
-16 -7 -13 0
6 -15 -10 0
5 2 10 0
-2 -8 20 0
4 -19 17 0
5 -17 -10 0
-20 -10 -19 0
-12 11 -18 0
-19 -5 -4 0
5 8 -13 0
9 7 18 0
-19 -12 -7 0
-3 17 -10 0
-8 15 6 0
-16 -1 -17 0
-19 -3 -9 0
2 -18 6 0
-11 -19 1 0
13 -18 3 0
10 -19 20 0
-1 -3 13 0
18 17 3 0
-11 9 15 0
-5 10 7 0
-7 -3 -20 0
-12 9 -17 0
-15 -5 9 0
-5 -8 17 0
-7 -8 14 0
-10 11 -19 0
-16 -3 -8 0
1 6 -18 0
-15 7 -18 0
18 14 -12 0
-4 16 17 0
-1 -15 19 0
5 18 9 0
-5 14 11 0
-15 9 -19 0
-18 13 17 0
3 11 14 0
-2 -9 -5 0
5 9 -17 0
11 14 5 0
19 -20 -1 0
20 -4 -5 0
17 -13 -10 0
11 -1 14 0
-6 -11 -7 0
1 15 -13 0
5 -8 16 0
-10 -3 -4 0
17 -5 14 0
9 -19 -13 0
18 -5 -11 0
-18 19 4 0
-7 -4 16 0
-5 -4 12 0
15 5 -16 0
17 -3 14 0
-11 -5 20 0
17 -3 -7 0
15 2 6 0
9 -1 -10 0
-8 -1 4 0
2 8 -4 0
2 1 9 0
14 -6 -20 0
-19 -14 -5 0
11 9 12 0
20 -9 19 0
3 -2 20 0
-16 20 14 0
10 -15 14 0
-8 7 13 0
18 8 -4 0
-13 12 1 0
2 19 -10 0
17 19 12 0
-14 -16 -8 0
19 -5 -8 0
-4 -2 -11 0
-3 -16 7 0
13 2 -18 0
1 -5 -15 0
1 -17 -8 0
-13 -6 -14 0
-1 -19 9 0
8 3 -4 0
16 5 -1 0
6 -7 10 0
-14 -13 19 0
17 -19 1 0
-10 -13 -18 0
6 -12 8 0
-13 -12 2 0
4 19 -15 0
-14 19 9 0
17 19 8 0
6 -15 20 0
2 16 -1 0
11 -17 15 0
-13 15 -18 0
-4 -13 -11 0
3 12 7 0
-4 -8 -16 0
1 -5 12 0
-10 3 8 0
16 -6 -3 0
16 -15 -11 0
2 8 4 0
-1 6 -20 0
20 19 -11 0
-2 3 -1 0
4 15 14 0
5 14 -10 0
6 1 15 0
-5 -4 -2 0
-20 4 12 0
-15 -14 11 0
-4 9 -3 0
14 20 -6 0
3 -8 19 0
15 18 12 0
-3 -5 1 0
19 16 17 0
8 9 13 0
15 -19 -14 0
-3 17 10 0
-7 -5 12 0
9 17 -13 0
8 18 -19 0
-8 4 -1 0
9 -20 -18 0
5 -8 -17 0
13 -5 -12 0
-7 -13 9 0
-4 5 8 0
-20 16 10 0
7 10 12 0
-16 -19 -12 0

